Rock
Right

-2,640591
14,79217
0,9641086
-0,1514552
-0,1041022
-0,1916215
0,076
3,723538
146,3794
-1,878786
154,5805
-0,4246763
167,2439
1,421394
160,6743

-7,920568
7,965316
0,9571083
-0,1728566
-0,07678655
-0,2194725
0
1,613678
149,8593
-0,2339387
163,1273
1,287894
169,6714
1,044502
163,9966

-14,44249
0,8316483
0,9569409
-0,1696395
-0,05202692
-0,2297385
0
1,398304
149,4838
0,4938897
161,9941
1,621299
170
-0,1459897
161,418

-19,34644
-11,40003
0,9713088
-0,1542036
-0,01979865
-0,1799679
0
0,5647645
148,6024
0,8193297
164,7681
2,322714
170
1,194216
162,7099

-24,68623
-16,66809
0,9660358
-0,1391996
-0,01455482
-0,2172246
0
0,2806347
146,9227
1,072348
164,5944
1,727124
170
1,40134
162,7717

-0,8763962
6,074556
0,974039
-0,156116
-0,1258279
-0,1050868
0
3,067673
122,6732
2,255047
158,136
2,332225
170
1,584744
170

1,221088
8,548645
0,9757835
-0,1041525
-0,07237948
-0,1782138
0,074
1,812609
136,7245
2,090093
161,158
2,123152
170
0,736308
168,5847

-2,351132
3,254457
0,9706466
-0,1070039
-0,04841516
-0,2098842
0
2,299681
138,2708
1,498514
162,3683
1,592937
170
-0,3048708
168,7847

-1,135373
6,688652
0,969651
-0,07974439
-0,03435111
-0,2285561
0,081
2,919392
128,7999
1,942556
159,179
1,603193
170
1,568529
170

-5,868807
3,752071
0,9556735
-0,1170559
0,04859618
-0,2657527
0,426
1,568701
142,6897
1,205331
159,6008
1,702086
170
0,7295472
170

